Eigen value: -4.640232e-04
Eigen vector (real): 0.000000e+00 0.000000e+00 -4.363441e-19 1.990950e-03 0.000000e+00 -1.897502e-16 9.999954e-01 -6.745262e-15 3.199560e-20 2.302694e-03 -1.347437e-17 0.000000e+00 
Eigen vector (imag): 0.000000e+00 0.000000e+00 0.000000e+00 0.000000e+00 0.000000e+00 0.000000e+00 0.000000e+00 0.000000e+00 0.000000e+00 0.000000e+00 0.000000e+00 0.000000e+00 

Eigen value: -4.640232e-04
Eigen vector (real): 0.000000e+00 0.000000e+00 -2.302694e-03 -4.389883e-19 0.000000e+00 -9.999954e-01 -1.897485e-16 -7.669625e-35 -1.990950e-03 -4.369324e-19 2.704706e-38 0.000000e+00 
Eigen vector (imag): 0.000000e+00 0.000000e+00 0.000000e+00 0.000000e+00 0.000000e+00 0.000000e+00 0.000000e+00 0.000000e+00 0.000000e+00 0.000000e+00 0.000000e+00 0.000000e+00 

Eigen value: -1.993313e-04
Eigen vector (real): 0.000000e+00 0.000000e+00 -2.947469e-33 1.343067e-17 0.000000e+00 -1.279996e-30 6.745792e-15 9.999980e-01 8.466978e-34 3.793949e-20 1.997460e-03 0.000000e+00 
Eigen vector (imag): 0.000000e+00 0.000000e+00 0.000000e+00 0.000000e+00 0.000000e+00 0.000000e+00 0.000000e+00 0.000000e+00 0.000000e+00 0.000000e+00 0.000000e+00 0.000000e+00 

Eigen value: -1.993313e-04
Eigen vector (real): -0.000000e+00 -1.997460e-03 -0.000000e+00 -0.000000e+00 -9.999980e-01 -0.000000e+00 -0.000000e+00 -0.000000e+00 -0.000000e+00 -0.000000e+00 -0.000000e+00 -0.000000e+00 
Eigen vector (imag): 0.000000e+00 0.000000e+00 0.000000e+00 0.000000e+00 0.000000e+00 0.000000e+00 0.000000e+00 0.000000e+00 0.000000e+00 0.000000e+00 0.000000e+00 0.000000e+00 

Eigen value: 4.987778e+01
Eigen vector (real): 1.000000e+00 0.000000e+00 0.000000e+00 0.000000e+00 0.000000e+00 0.000000e+00 0.000000e+00 0.000000e+00 0.000000e+00 0.000000e+00 0.000000e+00 0.000000e+00 
Eigen vector (imag): 0.000000e+00 0.000000e+00 0.000000e+00 0.000000e+00 0.000000e+00 0.000000e+00 0.000000e+00 0.000000e+00 0.000000e+00 0.000000e+00 0.000000e+00 0.000000e+00 

Eigen value: 4.987778e+01
Eigen vector (real): 0.000000e+00 0.000000e+00 0.000000e+00 0.000000e+00 0.000000e+00 0.000000e+00 0.000000e+00 0.000000e+00 0.000000e+00 0.000000e+00 0.000000e+00 1.000000e+00 
Eigen vector (imag): 0.000000e+00 0.000000e+00 0.000000e+00 0.000000e+00 0.000000e+00 0.000000e+00 0.000000e+00 0.000000e+00 0.000000e+00 0.000000e+00 0.000000e+00 0.000000e+00 

Eigen value: 4.995946e+01
Eigen vector (real): 0.000000e+00 -9.999980e-01 0.000000e+00 0.000000e+00 1.997460e-03 0.000000e+00 0.000000e+00 0.000000e+00 0.000000e+00 0.000000e+00 0.000000e+00 0.000000e+00 
Eigen vector (imag): 0.000000e+00 0.000000e+00 0.000000e+00 0.000000e+00 0.000000e+00 0.000000e+00 0.000000e+00 0.000000e+00 0.000000e+00 0.000000e+00 0.000000e+00 0.000000e+00 

Eigen value: 4.995946e+01
Eigen vector (real): 0.000000e+00 0.000000e+00 5.887462e-36 -2.682727e-20 0.000000e+00 4.152880e-36 -4.375516e-20 -1.997460e-03 -2.085875e-33 1.899383e-17 9.999980e-01 0.000000e+00 
Eigen vector (imag): 0.000000e+00 0.000000e+00 0.000000e+00 0.000000e+00 0.000000e+00 0.000000e+00 0.000000e+00 0.000000e+00 0.000000e+00 0.000000e+00 0.000000e+00 0.000000e+00 

Eigen value: 5.004100e+01
Eigen vector (real): 0.000000e+00 0.000000e+00 -5.416406e-05 2.822494e-03 0.000000e+00 1.244195e-07 2.297070e-03 -2.375766e-16 1.528787e-07 -9.999934e-01 1.896289e-17 0.000000e+00 
Eigen vector (imag): 0.000000e+00 0.000000e+00 0.000000e+00 0.000000e+00 0.000000e+00 0.000000e+00 0.000000e+00 0.000000e+00 0.000000e+00 0.000000e+00 0.000000e+00 0.000000e+00 

Eigen value: 5.004100e+01
Eigen vector (real): 0.000000e+00 0.000000e+00 9.999934e-01 1.528787e-07 0.000000e+00 -2.297070e-03 1.244195e-07 -1.286820e-20 -2.822494e-03 -5.416406e-05 1.027114e-21 0.000000e+00 
Eigen vector (imag): 0.000000e+00 0.000000e+00 0.000000e+00 0.000000e+00 0.000000e+00 0.000000e+00 0.000000e+00 0.000000e+00 0.000000e+00 0.000000e+00 0.000000e+00 0.000000e+00 

Eigen value: 5.012242e+01
Eigen vector (real): 0.000000e+00 0.000000e+00 -1.586724e-03 -8.263933e-01 0.000000e+00 1.124728e-03 1.650678e-03 -5.531487e-19 -5.630827e-01 -2.328714e-03 2.206154e-20 0.000000e+00 
Eigen vector (imag): 0.000000e+00 0.000000e+00 0.000000e+00 0.000000e+00 0.000000e+00 0.000000e+00 0.000000e+00 0.000000e+00 0.000000e+00 0.000000e+00 0.000000e+00 0.000000e+00 

Eigen value: 5.012242e+01
Eigen vector (real): 0.000000e+00 0.000000e+00 -2.328714e-03 5.630827e-01 0.000000e+00 1.650678e-03 -1.124728e-03 3.769010e-19 -8.263933e-01 1.586724e-03 -1.503215e-20 0.000000e+00 
Eigen vector (imag): 0.000000e+00 0.000000e+00 0.000000e+00 0.000000e+00 0.000000e+00 0.000000e+00 0.000000e+00 0.000000e+00 0.000000e+00 0.000000e+00 0.000000e+00 0.000000e+00 
