Eigen value: -1.222200e-01
Eigen vector (real): 0.000000e+00 8.727775e-02 4.156407e-01 -2.028411e-01 7.126198e-02 5.878048e-01 -4.968572e-01 -8.302126e-04 2.399703e-01 -3.513311e-01 -1.016799e-03 0.000000e+00 
Eigen vector (imag): 0.000000e+00 0.000000e+00 0.000000e+00 0.000000e+00 0.000000e+00 0.000000e+00 0.000000e+00 0.000000e+00 0.000000e+00 0.000000e+00 0.000000e+00 0.000000e+00 

Eigen value: -1.222200e-01
Eigen vector (real): 0.000000e+00 7.680897e-01 -6.963962e-02 7.515595e-03 6.271426e-01 -9.848530e-02 1.840937e-02 1.406000e-04 -4.020645e-02 1.301739e-02 1.721991e-04 0.000000e+00 
Eigen vector (imag): 0.000000e+00 0.000000e+00 0.000000e+00 0.000000e+00 0.000000e+00 0.000000e+00 0.000000e+00 0.000000e+00 0.000000e+00 0.000000e+00 0.000000e+00 0.000000e+00 

Eigen value: -1.222200e-01
Eigen vector (real): 1.000000e+00 0.000000e+00 0.000000e+00 0.000000e+00 0.000000e+00 0.000000e+00 0.000000e+00 0.000000e+00 0.000000e+00 0.000000e+00 0.000000e+00 0.000000e+00 
Eigen vector (imag): 0.000000e+00 0.000000e+00 0.000000e+00 0.000000e+00 0.000000e+00 0.000000e+00 0.000000e+00 0.000000e+00 0.000000e+00 0.000000e+00 0.000000e+00 0.000000e+00 

Eigen value: -1.222200e-01
Eigen vector (real): 0.000000e+00 -8.578559e-03 -6.005054e-02 -4.226898e-02 -7.004364e-03 -8.492428e-02 -1.035374e-01 6.228934e-01 -3.467019e-02 -7.321202e-02 7.628855e-01 0.000000e+00 
Eigen vector (imag): 0.000000e+00 0.000000e+00 0.000000e+00 0.000000e+00 0.000000e+00 0.000000e+00 0.000000e+00 0.000000e+00 0.000000e+00 0.000000e+00 0.000000e+00 0.000000e+00 

Eigen value: -1.222200e-01
Eigen vector (real): 0.000000e+00 0.000000e+00 0.000000e+00 0.000000e+00 0.000000e+00 0.000000e+00 0.000000e+00 0.000000e+00 0.000000e+00 0.000000e+00 0.000000e+00 1.000000e+00 
Eigen vector (imag): 0.000000e+00 0.000000e+00 0.000000e+00 0.000000e+00 0.000000e+00 0.000000e+00 0.000000e+00 0.000000e+00 0.000000e+00 0.000000e+00 0.000000e+00 0.000000e+00 

Eigen value: -1.222200e-01
Eigen vector (real): 0.000000e+00 -4.844886e-02 -3.446549e-01 -2.387726e-01 -3.955833e-02 -4.874157e-01 -5.848709e-01 -1.095587e-01 -1.989866e-01 -4.135662e-01 -1.341814e-01 0.000000e+00 
Eigen vector (imag): 0.000000e+00 0.000000e+00 0.000000e+00 0.000000e+00 0.000000e+00 0.000000e+00 0.000000e+00 0.000000e+00 0.000000e+00 0.000000e+00 0.000000e+00 0.000000e+00 

Eigen value: 8.148000e-02
Eigen vector (real): -0.000000e+00 7.871134e-18 2.828327e-02 6.319810e-01 9.218273e-18 -9.999648e-03 2.580052e-01 -1.663639e-16 -2.449403e-02 -7.297489e-01 -0.000000e+00 -0.000000e+00 
Eigen vector (imag): 0.000000e+00 0.000000e+00 0.000000e+00 0.000000e+00 0.000000e+00 0.000000e+00 0.000000e+00 0.000000e+00 0.000000e+00 0.000000e+00 0.000000e+00 0.000000e+00 

Eigen value: 8.148000e-02
Eigen vector (real): 0.000000e+00 -2.591106e-20 6.404390e-19 2.667711e-18 -1.027950e-20 -9.943577e-19 2.521990e-18 7.745967e-01 4.162574e-20 -1.135719e-18 -6.324555e-01 0.000000e+00 
Eigen vector (imag): 0.000000e+00 0.000000e+00 0.000000e+00 0.000000e+00 0.000000e+00 0.000000e+00 0.000000e+00 0.000000e+00 0.000000e+00 0.000000e+00 0.000000e+00 0.000000e+00 

Eigen value: 8.148000e-02
Eigen vector (real): 0.000000e+00 6.324555e-01 6.678419e-18 -4.253221e-32 -7.745967e-01 -1.623071e-16 1.116282e-33 0.000000e+00 -5.028914e-18 0.000000e+00 0.000000e+00 0.000000e+00 
Eigen vector (imag): 0.000000e+00 0.000000e+00 0.000000e+00 0.000000e+00 0.000000e+00 0.000000e+00 0.000000e+00 0.000000e+00 0.000000e+00 0.000000e+00 0.000000e+00 0.000000e+00 

Eigen value: 8.148000e-02
Eigen vector (real): 0.000000e+00 3.577363e-17 -7.297489e-01 2.449403e-02 -4.156525e-17 2.580052e-01 9.999648e-03 -6.447858e-18 6.319810e-01 -2.828327e-02 0.000000e+00 0.000000e+00 
Eigen vector (imag): 0.000000e+00 0.000000e+00 0.000000e+00 0.000000e+00 0.000000e+00 0.000000e+00 0.000000e+00 0.000000e+00 0.000000e+00 0.000000e+00 0.000000e+00 0.000000e+00 

Eigen value: 2.037000e-01
Eigen vector (real): 0.000000e+00 2.762959e-18 3.737324e-01 -2.845562e-01 4.993726e-18 -5.285375e-01 2.323392e-01 -3.708825e-17 6.473235e-01 -1.642886e-01 0.000000e+00 0.000000e+00 
Eigen vector (imag): 0.000000e+00 0.000000e+00 0.000000e+00 0.000000e+00 0.000000e+00 0.000000e+00 0.000000e+00 0.000000e+00 0.000000e+00 0.000000e+00 0.000000e+00 0.000000e+00 

Eigen value: 2.037000e-01
Eigen vector (real): 0.000000e+00 -4.565245e-18 -1.642886e-01 -6.473235e-01 -5.802669e-18 2.323392e-01 5.285375e-01 -8.437033e-17 -2.845562e-01 -3.737324e-01 0.000000e+00 0.000000e+00 
Eigen vector (imag): 0.000000e+00 0.000000e+00 0.000000e+00 0.000000e+00 0.000000e+00 0.000000e+00 0.000000e+00 0.000000e+00 0.000000e+00 0.000000e+00 0.000000e+00 0.000000e+00 
